32.410903 19041.976686 .457455 5.749393
33.237189 24425.682382 .543306 5.894403
21.672759 23271.271066 1.190760 6.208590
26.133305 31523.462674 .747272 6.070738
33.700947 20640.105268 .546821 5.730100
35.330584 17802.824567 .406741 5.843544
27.364148 27035.681963 .564284 5.730100
21.951773 21267.847056 .752265 6.345636
18.644117 23397.778594 .912735 6.395262
16.515252 23004.694006 1.166461 6.807935
28.992539 19249.086596 .667146 5.924256
22.389910 11967.921575 .628210 6.184149
15.625564 11386.374611 .432945 6.075346
14.776890 13312.364870 .592911 6.111467
18.559895 9844.646221 .425132 5.480639
17.081156 19048.459711 .834402 6.263398
16.182691 21794.637614 .892335 6.529419
19.337432 23947.713572 .787060 6.228511
18.664783 22203.248453 .632897 6.450470
30.294428 22819.624911 .487945 5.717028
23.905573 23116.028860 .765425 6.091310
28.644153 18154.315409 .398574 5.513429
26.222295 13200.336652 1.852852 6.182085
33.488870 17940.162474 .425598 5.564520
33.068728 24537.118725 .354923 5.220356
30.116864 24143.093219 .467517 5.799093
33.368714 13252.373559 .290500 5.262690
36.599179 7869.871790 .160898 4.595120
32.719210 6426.456599 .203188 5.446737
23.789454 23099.364360 .306438 5.342334
19.305212 16904.403197 .341485 5.817111
23.624425 27099.286246 .312515 4.875197
21.905435 20138.946490 .440217 5.525453
18.654334 39853.775197 .475993 5.590987
30.298300 23720.431301 .316624 4.962845
27.163745 24782.675164 .469824 5.497168
35.673770 24449.334322 .335442 5.170484
37.277824 15371.822456 .207404 5.170484
40.651236 15774.091842 .217845 4.624973
27.751841 18551.033541 .537902 5.986452
24.033154 16325.023652 .999301 5.823046
31.824782 27494.210922 .845747 5.937536
37.310501 16935.820444 .249974 5.135798
35.481289 25249.960145 .403965 5.513429
30.815365 31301.623587 .425757 5.476464
26.210881 29021.902335 .410086 5.624018
30.705394 25091.336531 .391370 5.429346
37.332876 22083.448221 .290456 4.934474
28.980718 20701.373075 .383047 5.609472
25.411853 30433.703033 .512381 5.683580
33.396511 30443.950793 .359679 5.370638
33.089455 25126.507173 .317633 5.666427
34.793747 23744.281094 .312613 5.181784
24.744337 29705.434510 .608351 6.054439
37.668952 28446.818271 .321970 5.147494
37.347457 16047.895390 .218752 5.181784
33.220375 38377.355139 .387904 5.480639
32.089764 25854.566515 .350169 5.123964
36.961879 16802.477708 .282193 5.176150
25.838059 31131.329133 .520797 5.762051
30.826567 33386.993312 .469278 5.627621
38.752593 18259.404981 .226102 4.948760
24.366103 28900.658402 .595736 6.025866
32.983262 27457.003786 .302215 5.327876
31.494729 26683.195589 .333778 5.198497
